**Note:** This dataset is not for commercial distribution.

BOSTON/LOGAN INT., MASSACHUSETTS
Total Precipitation in Centimeters
Tue Oct 28 11:07:24 2003

1900 111.89
1901 123.75
1902  86.19
1903 106.59
1904 100.68
1905  81.48
1906 103.37
1907  95.40
1908  76.37
1909 103.30
1910  71.98
1911  90.88
1912  87.77
1913  96.81
1914  87.16
1915  98.45
1916  94.90
1917  99.02
1918  87.36
1919 108.46
1920 116.37
1921 109.12
1922 104.48
1923  88.62
1924  88.70
1925 104.53
1926 101.67
1927 104.28
1928  95.51
1929  94.46
1930  89.63
1931 112.19
1932 105.79
1933 120.93
1934  86.74
1935  83.67
1936 117.61
1937 110.91
1938 128.38
1939  82.45
1940  91.56
1941  78.40
1942 108.10
1943  81.90
1944  94.20
1945 120.10
1946  96.70
1947  96.20
1948 113.50
1949  80.00
1950  83.20
1951 119.30
1952 103.20
1953 146.60
1954 158.30
1955 143.40
1956 120.60
1957  86.10
1958 156.40
1959 130.59
1960 113.00
1961 121.50
1962 109.80
1963  88.70
1964  92.60
1965  60.30
1966  91.60
1967 121.20
1968 107.40
1969 121.40
1970 106.45
1971  90.62
1972 134.90
1973 108.58
1974 102.21
1975 116.30
1976  93.27
1977 112.19
1978  95.60
1979 112.20
1980  74.66
1981  90.69
1982 113.32
1983 136.15
1984 127.61
1985  92.93
1986 112.62
1987 115.51
1988  88.33
1989 107.75
